Star Plus
01/11/2007,00:00,BOLLY V - STAR PLUS,5
01/11/2007,00:05,V Trailers - Star Plus,25
01/11/2007,00:30,BOLLY V - STAR PLUS,5
01/11/2007,00:35,Saarrthi,20
01/11/2007,00:55,BOLLY V - STAR PLUS,5
01/11/2007,01:00,KYUN HOTA HAI PYARRR,30
01/11/2007,01:30,Kasautii Zindagii Kay,30
01/11/2007,02:00,SHANTI,30
01/11/2007,02:30,Kayamath,30
01/11/2007,03:00,Kahaani Ghar Ghar Kii,30
01/11/2007,03:30,PAL CHINN,30
01/11/2007,04:00,Kyunki Saas Bhi Kabhi Bahu Thi,30
01/11/2007,04:30,TEDHE MEDHE SAPNEY,30
01/11/2007,05:00,Bhabhi,30
01/11/2007,05:30,SANJIVANI - A MEDICAL BOO,60
01/11/2007,06:30,AATMA,55
01/11/2007,07:25,BOLLY V - STAR PLUS,5
01/11/2007,07:30,V Trailers - Star Plus,30
01/11/2007,08:00,MUSAFIR HOON YAARON,30
01/11/2007,08:30,BOLLY V - STAR PLUS,5
01/11/2007,08:35,V Trailers - Star Plus,25
01/11/2007,09:00,Kumkum - Pyara Sa Bandhan,25
01/11/2007,09:25,BOLLY V - STAR PLUS,5
01/11/2007,09:30,V Trailers - Star Plus,30
01/11/2007,10:00,American Dragon: Jack Long,30
01/11/2007,10:30,Goof Troop,30
01/11/2007,11:00,V Trailers - Star Plus,25
01/11/2007,11:25,BOLLY V - STAR PLUS,5
01/11/2007,11:30,Santaan,30
01/11/2007,12:00,Bidaai,25
01/11/2007,12:25,BOLLY V - STAR PLUS,5
01/11/2007,12:30,Kasautii Zindagii Kay,30
01/11/2007,13:00,Kumkum - Pyara Sa Bandhan,30
01/11/2007,13:30,Bhabhi,30
01/11/2007,14:00,Karam Apnaa Apnaa,30
01/11/2007,14:30,Saarrthi,30
01/11/2007,15:00,Kyunki Saas Bhi Kabhi Bahu Thi,30
01/11/2007,15:30,Kayamath,30
01/11/2007,16:00,Sangam,30
01/11/2007,16:30,Santaan,25
01/11/2007,16:55,BOLLY V - STAR PLUS,5
01/11/2007,17:00,V Trailers - Star Plus,30
01/11/2007,17:30,KASTURI,30
01/11/2007,18:00,Bidaai,25
01/11/2007,18:25,BOLLY V - STAR PLUS,5
01/11/2007,18:30,NB3 Crazy Kiya Re,25
01/11/2007,18:55,BOLLY V - STAR PLUS,5
01/11/2007,19:00,Sangam,30
01/11/2007,19:30,Santaan,30
01/11/2007,20:00,Meri awaz ko mil gayi roshni,30
01/11/2007,20:30,Kasautii Zindagii Kay,30
01/11/2007,21:00,Bidaai,30
01/11/2007,21:30,KASTURI,30
01/11/2007,22:00,Kahaani Ghar Ghar Kii,30
01/11/2007,22:30,Kyunki Saas Bhi Kabhi Bahu Thi,30
01/11/2007,23:00,Kayamath,30
01/11/2007,23:30,Karam Apnaa Apnaa,30
